[gd_scene load_steps=2 format=3 uid="uid://dgrrljt5a3dqp"]

[ext_resource type="Material" uid="uid://dijlvcyu11s31" path="res://grid.tres" id="1_cuc7h"]

[node name="Node3D" type="Node3D"]

[node name="CSGCombiner3D" type="CSGCombiner3D" parent="."]

[node name="CSGBox3D" type="CSGBox3D" parent="CSGCombiner3D"]
transform = Transform3D(1, 0, 0, 0, 1, 0, 0, 0, 1, -19.6346, 0, 7.01868)
size = Vector3(40.2692, 1, 19.4016)
material = ExtResource("1_cuc7h")

[node name="CSGBox3D2" type="CSGBox3D" parent="CSGCombiner3D"]
transform = Transform3D(1, 0, 0, 0, 1, 0, 0, 0, 1, -29.6508, 0.238389, 44.1522)
size = Vector3(12.1259, 1, 8.81844)
material = ExtResource("1_cuc7h")

[node name="CSGBox3D3" type="CSGBox3D" parent="CSGCombiner3D"]
transform = Transform3D(1, 0, 0, 0, 1, 0, 0, 0, 1, -6.28787, -0.022058, 21.0163)
size = Vector3(13.5636, 1, 8.59119)
material = ExtResource("1_cuc7h")

[node name="CSGBox3D4" type="CSGBox3D" parent="CSGCombiner3D"]
transform = Transform3D(1, 0, 0, 0, 1, 0, 0, 0, 1, -6.19517, 0.546961, 40.9039)
size = Vector3(13.1952, 1, 10.508)
material = ExtResource("1_cuc7h")

[node name="CSGCylinder3D" type="CSGCylinder3D" parent="CSGCombiner3D"]
transform = Transform3D(1, 0, 0, 0, 1, 0, 0, 0, 1, -1.56389, 1.31759, 23.4122)
radius = 0.959779
height = 1.60853

[node name="CSGPolygon3D" type="CSGPolygon3D" parent="CSGCombiner3D"]
transform = Transform3D(0.00986623, 0.000490825, -0.999951, -0.0496865, 0.998765, 0, 0.998716, 0.0496841, 0.00987843, -7.50996, 0.572762, 25.2041)
polygon = PackedVector2Array(0.163889, 0.030653, 0.0834045, 0.620188, -1.51642, -0.118743, -0.00193882, 0.00273359)
depth = 1.85

[node name="CSGCylinder3D2" type="CSGCylinder3D" parent="CSGCombiner3D"]
transform = Transform3D(1, 0, 0, 0, 1, 0, 0, 0, 1, -27.0957, 1.23012, 31.4022)
radius = 4.29549
material = ExtResource("1_cuc7h")

[node name="CSGPolygon3D2" type="CSGPolygon3D" parent="CSGCombiner3D"]
transform = Transform3D(0.985354, -0.170518, 0.000324773, -0.00926443, -0.0554365, -0.998419, 0.170267, 0.983794, -0.0562043, -25.9694, 1.77124, 26.6457)
operation = 2
polygon = PackedVector2Array(0.368587, 0.220463, -0.479275, -0.480289, -2.58356, -0.115203, 0.138608, 3.59511)
material = ExtResource("1_cuc7h")

[node name="CSGPolygon3D3" type="CSGPolygon3D" parent="CSGCombiner3D"]
transform = Transform3D(1, 0, 0, 0, 1, 0, 0, 0, 1, -27.1509, 2.2622, 32.103)
polygon = PackedVector2Array(-1.31135, 0.0772882, 0.5079, 2.36958, 0.578531, 2.73519, 1.85314, 0.0920379)

[node name="CSGSphere3D" type="CSGSphere3D" parent="CSGCombiner3D"]
transform = Transform3D(1, 0, 0, 0, 1, 0, 0, 0, 1, -33.0144, 0.972282, 45.6081)
radius = 0.213831

[node name="CSGPolygon3D" type="CSGPolygon3D" parent="."]
transform = Transform3D(-0.00397456, -0.000197726, 0.999992, -0.0496865, 0.998765, -5.82048e-11, -0.998757, -0.0496861, -0.00397948, -0.830443, 1.09065, 37.4547)
polygon = PackedVector2Array(0.163889, 0.030653, 0.0834045, 0.620188, -1.51642, -0.118743, -0.00193882, 0.00273359)
depth = 1.85

[node name="CSGPolygon3D" type="CSGPolygon3D" parent="CSGPolygon3D"]
transform = Transform3D(0.0387462, -0.0497845, -0.998008, -0.0495401, 0.997435, -0.0516792, 0.99802, 0.0514438, 0.0361805, -7.9398, -0.753876, -22.9056)
polygon = PackedVector2Array(0.163889, 0.030653, 0.0834045, 0.620188, -1.51642, -0.118743, -0.00193882, 0.00273359)
depth = 1.85
